255 255 255 255 255 255 255 255 255 255 255 255 255 255 255 255
255 255 255 255 255 255 255 255 255 255 255 255 255 255 255 255
255 255  15  15  16  16 210 110 210 210  16  16  16  16 255 255
255 255  15  15  64  64 210 210 144 244  64  64  16  16 255 255
255 255  16  64 112  64 222 121 155 255  64 112  64  16 255 255
255 255  16  64  64  16 222 222 222 222  16  64  64  16 255 255
255 255 210 210 255 222 244 144 155 222 255 222 210 210 255 255
255 255 210 210 155 222 110 210 159  88 222  88 110 210 255 255
255 255 188 222 222 188 177 110 177 177 222 255  77 210 255 255
255 255 222 255 255 222 177 210 177 177  88 222 210 144 255 255
255 255  16  64  64  16 255 155 121 121 144 210 177 177 255 255
255 255  16  64 112  64 255 155 255 255 110 177 210 210 255 255
255 255  16  16  64  64 210 210  88 188 255 155 155 255 255 255
255 255  16  16  16  16 210 110 121 121 121 121 155 255 255 255
255 255 255 255 255 255 255 255 255 255 255 255 255 255 255 255
255 255 255 255 255 255 255 255 255 255 255 255 255 255 255 255
255 255 255 255 255 255 255 255 255 255 255 255 255 255 255 255
255 255 255 255 255 255 255 255 255 255 255 255 255 255 255 255
255 255  15  15  16  16 192  49 192 192  16  16  16  16 255 255
255 255  15  15  64  64 192 192  97 239  64  64  16  16 255 255
255 255  16  64 112  64 208  65 113 255  64 112  64  16 255 255
255 255  16  64  64  16 208 208 208 208  16  64  64  16 255 255
255 255 192 192 255 208 239  97 113 208 255 208 192 192 255 255
255 255 192 192 113 208  49 192 120  18 208  18  49 192 255 255
255 255 160 208 208 160 144  49 144 144 208 255   2 192 255 255
255 255 208 255 255 208 144 192 144 144  18 208 192  97 255 255
255 255  16  64  64  16 255 113  65  65  97 192 144 144 255 255
255 255  16  64 112  64 255 113 255 255  49 144 192 192 255 255
255 255  16  16  64  64 192 192  18 160 255 113 113 255 255 255
255 255  16  16  16  16 192  49  65  65  65  65 113 255 255 255
255 255 255 255 255 255 255 255 255 255 255 255 255 255 255 255
255 255 255 255 255 255 255 255 255 255 255 255 255 255 255 255
255 255 255 255 255 255 255 255 255 255 255 255 255 255 255 255
255 255 255 255 255 255 255 255 255 255 255 255 255 255 255 255
255 255  15  15  16  16 250 238 250 250  16  16  16  16 255 255
255 255  15  15  64  64 250 250 242 254  64  64  16  16 255 255
255 255  16  64 112  64 251 239 243 255  64 112  64  16 255 255
255 255  16  64  64  16 251 251 251 251  16  64  64  16 255 255
255 255 250 250 255 251 254 242 243 251 255 251 250 250 255 255
255 255 250 250 243 251 238 250 243 235 251 235 238 250 255 255
255 255 247 251 251 247 246 238 246 246 251 255 234 250 255 255
255 255 251 255 255 251 246 250 246 246 235 251 250 242 255 255
255 255  16  64  64  16 255 243 239 239 242 250 246 246 255 255
255 255  16  64 112  64 255 243 255 255 238 246 250 250 255 255
255 255  16  16  64  64 250 250 235 247 255 243 243 255 255 255
255 255  16  16  16  16 250 238 239 239 239 239 243 255 255 255
255 255 255 255 255 255 255 255 255 255 255 255 255 255 255 255
255 255 255 255 255 255 255 255 255 255 255 255 255 255 255 255

255 255 255 255 255 255 255 255 255 255 255 255 255 255 255 255
255 255 255 255 255 255 255 255 255 255 255 255 255 255 255 255
255 255  16  16  16  16 210 210 210 144 177 210 255 255 255 255
255 255  16  16  64  64 210 110  77 210 177 210 155 155 255 255
255 255  16  64 112  64 222  88 255 222 210 177 155 121 255 255
255 255  16  64  64  16 255 222 222  88 144 110 255 121 255 255
255 255 210 244 255 222 222  88 177 177 121 255 188 121 255 255
255 255 210 144 155 222 155 159 177 177 121 255  88 121 255 255
255 255 110 210 121 222 144 210 110 210 155 155 210 110 255 255
255 255 210 210 222 222 244 110 177 177 255 255 210 210 255 255
255 255  16  64  64  16 222 222 188 222  16  64  64  16 255 255
255 255  16  64 112  64 255 155 222 255  64 112  64  16 255 255
255 255  15  15  64  64 210 210 222 255  64  64  16  16 255 255
255 255  15  15  16  16 210 210 188 222  16  16  16  16 255 255
255 255 255 255 255 255 255 255 255 255 255 255 255 255 255 255
255 255 255 255 255 255 255 255 255 255 255 255 255 255 255 255
255 255 255 255 255 255 255 255 255 255 255 255 255 255 255 255
255 255 255 255 255 255 255 255 255 255 255 255 255 255 255 255
255 255  16  16  16  16 192 192 192  97 144 192 255 255 255 255
255 255  16  16  64  64 192  49   2 192 144 192 113 113 255 255
255 255  16  64 112  64 208  18 255 208 192 144 113  65 255 255
255 255  16  64  64  16 255 208 208  18  97  49 255  65 255 255
255 255 192 239 255 208 208  18 144 144  65 255 160  65 255 255
255 255 192  97 113 208 113 120 144 144  65 255  18  65 255 255
255 255  49 192  65 208  97 192  49 192 113 113 192  49 255 255
255 255 192 192 208 208 239  49 144 144 255 255 192 192 255 255
255 255  16  64  64  16 208 208 160 208  16  64  64  16 255 255
255 255  16  64 112  64 255 113 208 255  64 112  64  16 255 255
255 255  15  15  64  64 192 192 208 255  64  64  16  16 255 255
255 255  15  15  16  16 192 192 160 208  16  16  16  16 255 255
255 255 255 255 255 255 255 255 255 255 255 255 255 255 255 255
255 255 255 255 255 255 255 255 255 255 255 255 255 255 255 255
255 255 255 255 255 255 255 255 255 255 255 255 255 255 255 255
255 255 255 255 255 255 255 255 255 255 255 255 255 255 255 255
255 255  16  16  16  16 250 250 250 242 246 250 255 255 255 255
255 255  16  16  64  64 250 238 234 250 246 250 243 243 255 255
255 255  16  64 112  64 251 235 255 251 250 246 243 239 255 255
255 255  16  64  64  16 255 251 251 235 242 238 255 239 255 255
255 255 250 254 255 251 251 235 246 246 239 255 247 239 255 255
255 255 250 242 243 251 243 243 246 246 239 255 235 239 255 255
255 255 238 250 239 251 242 250 238 250 243 243 250 238 255 255
255 255 250 250 251 251 254 238 246 246 255 255 250 250 255 255
255 255  16  64  64  16 251 251 247 251  16  64  64  16 255 255
255 255  16  64 112  64 255 243 251 255  64 112  64  16 255 255
255 255  15  15  64  64 250 250 251 255  64  64  16  16 255 255
255 255  15  15  16  16 250 250 247 251  16  16  16  16 255 255
255 255 255 255 255 255 255 255 255 255 255 255 255 255 255 255
255 255 255 255 255 255 255 255 255 255 255 255 255 255 255 255

255 255 255 255 255 255 255 255 255 255 255 255 255 255 255 255
255 255 254 215 194 194 215 204 194 227 177 168 168 168 225 255
255 255 213 211 112 115 158 118 123 174  71 135 128 110 166 255
255 255 249 177 154 237 170  89 163 188  91  69  31 130 166 255
255 241 234 212 178 127 247 232 173 235  91 100  69 137 166 255
255 234 206 180 202 143 135 158 175 234  66  90  90  71 175 255
255 222 202 181 227 120 146 138 162 156 202 245 245 229 233 255
255 254 157  95 187 217 174 203 143 127 167 232 172 199 224 255
255 245 194 100  84 202 130 178 186 103 181 187 168 197 224 255
255 233 217 177 186 237 195 138 137 208 211 234 189 188 232 255
255 177  71  91  91  66 212 181 180 211  67  91  91  71 175 255
255 168 135  70 100  90 236 141 123 190  91 100  69 136 166 255
255 168 128  31  69  90 219 170 206 191  91  69  30 130 166 255
255 168 110 130 137  71 189 215 158 206  71 136 130 111 166 255
255 225 166 166 166 175 233 245 215 226 175 166 166 166 225 255
255 255 255 255 255 255 255 255 255 255 255 255 255 255 255 255
255 255 255 255 255 255 255 255 255 255 255 255 255 255 255 255
255 255 254 198 168 168 199 182 168 216 177 168 168 168 225 255
255 255 195 193  53  56 118  61  68 142  71 135 128 110 166 255
255 255 247 144 112 230 135  19 125 161  91  69  31 130 166 255
255 235 226 193 146  74 244 223 139 229  91 100  69 137 166 255
255 225 186 149 180  96  85 117 142 228  66  90  90  71 175 255
255 208 181 151 216  63 101  90 124 116 182 243 243 221 224 255
255 254 116  27 160 201 141 181  96  73 130 222 138 177 212 255
255 242 169  36  13 179  78 146 158  40 151 159 132 173 211 255
255 225 204 146 160 233 170  90  88 188 195 228 163 162 225 255
255 177  71  91  91  66 196 151 149 194  67  91  91  71 175 255
255 168 135  70 100  90 231  93  68 165  91 100  69 136 166 255
255 168 128  31  69  90 207 135 186 167  91  69  30 130 166 255
255 168 110 130 137  71 164 198 118 188  71 136 130 111 166 255
255 225 166 166 166 175 224 241 198 216 175 166 166 166 225 255
255 255 255 255 255 255 255 255 255 255 255 255 255 255 255 255
255 255 255 255 255 255 255 255 255 255 255 255 255 255 255 255
255 255 255 249 247 247 249 248 247 249 177 168 168 168 225 255
255 255 249 249 237 238 242 237 238 240  71 135 128 110 166 255
255 255 254 245 242 252 244 235 243 241  91  69  31 130 166 255
255 253 252 249 245 239 253 251 244 247  91 100  69 137 166 255
255 252 248 245 248 241 240 242 244 248  66  90  90  71 175 255
255 250 248 245 251 238 241 241 243 242 244 249 248 247 250 255
255 255 242 235 246 250 245 248 241 239 243 251 244 248 250 255
255 253 247 236 234 248 239 245 246 236 245 246 244 248 250 255
255 250 245 240 241 248 246 240 240 248 245 247 242 242 250 255
255 177  71  91  91  66 244 245 245 244  67  91  91  71 175 255
255 168 135  70 100  90 248 241 239 242  91 100  69 136 166 255
255 168 128  31  69  90 245 244 248 242  91  69  30 130 166 255
255 168 110 130 137  71 242 250 242 244  71 136 130 111 166 255
255 225 166 166 166 175 250 253 249 249 175 166 166 166 225 255
255 255 255 255 255 255 255 255 255 255 255 255 255 255 255 255

255 255 255 255 255 255 255 255 255 255 255 255 255 255 255 255
255 226 167 167 167 176 233 225 224 233 176 167 167 167 225 255
255 168 110 131 137  71 230 200 197 189  72 137 130 112 167 255
255 168 129  31  69  91 246 173 169 189  92  69  30 130 167 255
255 168 135  70 101  91 246 232 187 235  91 101  69 137 167 255
255 178  71  92  91  66 203 167 182 212  67  91  92  72 176 255
255 227 175 188 235 235 157 127 104 209 211 190 192 207 227 255
255 194 124 164 174 176 163 143 187 138 181 124 207 159 215 255
255 204 119  89 233 159 138 203 178 139 182 141 171 215 245 255
255 216 158 170 247 136 147 175 130 196 212 237 220 189 233 255
255 194 115 238 128 143 120 218 202 238  66  91  91  71 176 255
255 194 113 154 179 203 228 187  85 186  91 101  69 137 167 255
255 215 212 177 212 181 182  95 101 177  92  70  31 131 167 255
255 255 214 249 235 207 202 158 195 218  71 135 129 110 167 255
255 255 255 255 242 234 222 255 246 233 178 168 168 168 226 255
255 255 255 255 255 255 255 255 255 255 255 255 255 255 255 255
255 255 255 255 255 255 255 255 255 255 255 255 255 255 255 255
255 226 167 167 167 176 225 212 212 225 176 167 167 167 225 255
255 168 110 131 137  71 222 177 173 163  72 137 130 112 167 255
255 168 129  31  69  91 244 139 133 164  92  69  30 130 167 255
255 168 135  70 101  91 244 222 160 229  91 101  69 137 167 255
255 178  71  92  91  66 183 131 152 195  67  91  92  72 176 255
255 217 143 162 229 229 117  74  40 189 194 166 167 189 216 255
255 169  69 125 140 143 124  97 158  88 150  68 186 118 199 255
255 183  62  20 223 118  90 181 146  90 151  94 136 199 242 255
255 200 118 135 244  85 102 142  79 171 196 231 208 164 225 255
255 169  57 230  74  96  63 202 180 233  66  91  91  71 176 255
255 169  54 112 147 180 217 160  13 160  91 101  69 137 167 255
255 198 194 145 194 150 152  28  36 146  92  70  31 131 167 255
255 255 196 247 226 186 181 117 169 204  71 135 129 110 167 255
255 255 255 255 236 226 209 255 242 225 178 168 168 168 226 255
255 255 255 255 255 255 255 255 255 255 255 255 255 255 255 255
255 255 255 255 255 255 255 255 255 255 255 255 255 255 255 255
255 226 167 167 167 176 250 251 251 250 176 167 167 167 225 255
255 168 110 131 137  71 247 248 248 242  72 137 130 112 167 255
255 168 129  31  69  91 249 244 244 242  92  69  30 130 167 255
255 168 135  70 101  91 249 252 246 247  91 101  69 137 167 255
255 178  71  92  91  66 244 244 246 245  67  91  92  72 176 255
255 250 240 242 247 248 243 239 237 249 245 242 242 245 250 255
255 248 238 243 244 244 243 241 246 240 246 239 248 243 250 255
255 248 238 235 252 243 241 249 245 240 245 241 244 250 254 255
255 250 242 244 253 240 241 245 240 247 245 248 246 242 250 255
255 248 238 253 240 241 238 250 248 248  66  91  91  71 176 255
255 248 238 243 245 249 251 247 235 242  91 101  69 137 167 255
255 250 250 245 249 245 246 236 237 241  92  70  31 131 167 255
255 255 250 254 253 249 248 243 247 246  71 135 129 110 167 255
255 255 255 255 253 252 251 255 254 250 178 168 168 168 226 255
255 255 255 255 255 255 255 255 255 255 255 255 255 255 255 255
